Day 100 — Anchor uniqueness sweep, c ≡ 2 mod 4, c ∈ [130, 200]
============================================================

c_vals: [134, 138, 142, 146, 150, 154, 158, 162, 166, 170, 174, 178, 182, 186, 190, 194, 198] (17 values)
(a, b) ∈ [0, 6]^2 excluding (0, 2), j ∈ [0, 12], k ∈ [0, 12]

   c |  β(c) | Δ(c) |  u(c) |   min |    (a,b,j) | clean
 134 |   263 |    2 |   261 |   257 | (4, 6, 12) | False
 138 |   271 |    3 |   268 |   268 |  (0, 4, 4) |  True
 142 |   278 |    3 |   275 |   275 |  (0, 0, 0) |  True
 146 |   287 |    4 |   283 |   283 |  (0, 4, 4) |  True
 150 |   294 |    3 |   291 |   290 | (4, 6, 12) | False
 154 |   302 |    4 |   298 |   298 |  (0, 4, 4) |  True
 158 |   309 |    4 |   305 |   305 |  (0, 0, 0) |  True
 162 |   319 |    5 |   314 |   314 |  (0, 4, 4) |  True
 166 |   326 |    3 |   323 |   321 | (4, 6, 12) | False
 170 |   334 |    4 |   330 |   330 |  (0, 4, 4) |  True
 174 |   341 |    4 |   337 |   337 |  (0, 0, 0) |  True
 178 |   350 |    5 |   345 |   345 |  (0, 4, 4) |  True
 182 |   357 |    4 |   353 |   352 | (4, 6, 12) | False
 186 |   365 |    5 |   360 |   360 |  (0, 4, 4) |  True
 190 |   372 |    5 |   367 |   367 |  (0, 0, 0) |  True
 194 |   383 |    6 |   377 |   377 |  (0, 4, 4) |  True
 198 |   390 |    3 |   387 |   384 | (4, 6, 12) | False

Clean count: 12/17
Total violations: 10
VERDICT: VIOLATION — 10 counterexamples found; investigate.
